6 0.4984375 0.49765625 0.996875 0.9953125
6 0.16640625 0.259375 0.29453125 0.25390625
6 0.1515625 0.63046875 0.2734375 0.14453125
6 0.13125 0.75078125 0.2625 0.1015625
6 0.14765625 0.85 0.2734375 0.07890625
6 0.4796875 0.1984375 0.29453125 0.3875
6 0.446875 0.4984375 0.33515625 0.25078125
6 0.40390625 0.759375 0.275 0.25703125
6 0.78125 0.07578125 0.284375 0.1484375
6 0.80859375 0.33359375 0.37890625 0.31484375
6 0.69765625 0.63515625 0.23203125 0.12421875
6 0.65078125 0.75390625 0.24140625 0.1984375
6 0.88828125 0.8 0.22265625 0.2578125