7 0.49453125 0.49921875 0.96171875 0.99375
7 0.1234375 0.58984375 0.21953125 0.7921875
7 0.33125 0.87890625 0.3484375 0.23828125
7 0.73828125 0.6140625 0.4625 0.6703125
7 0.39609375 0.38671875 0.225 0.7390625
7 0.72109375 0.33984375 0.115625 0.05390625
7 0.865625 0.3640625 0.14921875 0.125
7 0.87109375 0.503125 0.1484375 0.15390625
7 0.87578125 0.64296875 0.15078125 0.11640625
7 0.88671875 0.82890625 0.1703125 0.24140625
7 0.73046875 0.578125 0.12421875 0.40859375
7 0.57890625 0.66875 0.13046875 0.15546875