8 0.1546875 0.61640625 0.2578125 0.6015625
8 0.15390625 0.19765625 0.0890625 0.18984375
8 0.2984375 0.2390625 0.15 0.271875
8 0.4203125 0.240625 0.1296875 0.2328125
8 0.61328125 0.1984375 0.17421875 0.28671875
8 0.803125 0.2328125 0.10546875 0.13125
8 0.57265625 0.453125 0.14140625 0.19296875
8 0.81328125 0.46953125 0.1609375 0.18671875
8 0.83359375 0.77734375 0.1859375 0.35078125
8 0.684375 0.703125 0.10703125 0.25390625
8 0.5765625 0.67109375 0.0953125 0.171875
8 0.38125 0.61640625 0.2703125 0.5375