11 0.48203125 0.43671875 0.94375 0.81484375
11 0.63359375 0.37890625 0.321875 0.24609375
11 0.68046875 0.28515625 0.21484375 0.1921875
11 0.6828125 0.29140625 0.22421875 0.19140625
11 0.67265625 0.91796875 0.0953125 0.1328125
11 0.67421875 0.92421875 0.09609375 0.14375
11 0.346875 0.18671875 0.22890625 0.24609375
11 0.54609375 0.11640625 0.265625 0.17578125
11 0.85859375 0.3296875 0.19375 0.24609375
11 0.82734375 0.61953125 0.20625 0.2859375
11 0.6125 0.7015625 0.23203125 0.24453125
11 0.1984375 0.6625 0.3859375 0.3484375
11 0.16875 0.5109375 0.1375 0.18203125
11 0.41640625 0.56015625 0.2109375 0.3578125
11 0.3703125 0.4671875 0.25390625 0.15625