11 0.55078125 0.7875 0.134375 0.21796875
11 0.76015625 0.75234375 0.1890625 0.2296875
11 0.10546875 0.0984375 0.06484375 0.04609375
11 0.38046875 0.54765625 0.18984375 0.24765625
11 0.621875 0.52734375 0.3015625 0.27421875
11 0.11953125 0.303125 0.05078125 0.06328125
11 0.02578125 0.696875 0.028125 0.06328125
11 0.35390625 0.171875 0.209375 0.19609375
11 0.5640625 0.2234375 0.22890625 0.1484375
11 0.57109375 0.33828125 0.11796875 0.12890625
11 0.5234375 0.43359375 0.10390625 0.08671875
11 0.76328125 0.190625 0.11953125 0.08515625
11 0.89453125 0.0515625 0.10234375 0.103125
11 0.8625 0.15859375 0.03359375 0.0546875
11 0.51171875 0.084375 0.2546875 0.16875
11 0.940625 0.6140625 0.11796875 0.109375