11 0.08046875 0.18203125 0.14609375 0.35
11 0.3890625 0.50390625 0.10078125 0.17734375
11 0.634375 0.37265625 0.14765625 0.14296875
11 0.43203125 0.75078125 0.0640625 0.23203125
11 0.63515625 0.87734375 0.10390625 0.165625
11 0.86953125 0.8625 0.0796875 0.078125
11 0.728125 0.74375 0.0546875 0.10703125
11 0.83359375 0.515625 0.0625 0.11953125
11 0.7359375 0.46953125 0.090625 0.19453125
11 0.475 0.11796875 0.07890625 0.15859375
11 0.353125 0.21015625 0.059375 0.14453125
11 0.16328125 0.51171875 0.1046875 0.153125
11 0.15703125 0.71953125 0.109375 0.10703125