4 0.05625 0.84375 0.09765625 0.21484375
3 0.94140625 0.52421875 0.09765625 0.23046875
8 0.940625 0.384375 0.11875 0.26328125
8 0.36015625 0.36328125 0.1375 0.21171875
4 0.76796875 0.7828125 0.07578125 0.26953125
4 0.61796875 0.64140625 0.065625 0.24609375
4 0.640625 0.80546875 0.07578125 0.1671875
4 0.54296875 0.8671875 0.06328125 0.17890625
4 0.39296875 0.87265625 0.21328125 0.21875
4 0.209375 0.65390625 0.08515625 0.196875
4 0.14140625 0.553125 0.08046875 0.1875
4 0.440625 0.55078125 0.06015625 0.14609375